{
  "matrix_shape": [
    21,
    24
  ],
  "measure_names": [
    "robustness",
    "phi_increase",
    "n_patterns",
    "C_wm",
    "H_wm",
    "d_eff",
    "A_level",
    "D_disentangle",
    "K_comp",
    "rho_sync",
    "detach_frac",
    "I_img",
    "rho_self",
    "SM_capacity",
    "SM_sal",
    "MI_inter",
    "rho_topo",
    "rsa_rho",
    "iota",
    "MI_social",
    "animism",
    "phi_group",
    "super_ratio",
    "group_coherence"
  ],
  "valid_measures_pooled": [
    "robustness",
    "phi_increase",
    "n_patterns",
    "C_wm",
    "H_wm",
    "d_eff",
    "A_level",
    "D_disentangle",
    "K_comp",
    "rho_sync",
    "detach_frac",
    "I_img",
    "rho_self",
    "SM_capacity",
    "SM_sal",
    "MI_inter",
    "rho_topo",
    "rsa_rho",
    "iota",
    "MI_social",
    "animism",
    "phi_group",
    "super_ratio",
    "group_coherence"
  ],
  "valid_measures_evolutionary": [
    "robustness",
    "phi_increase",
    "n_patterns",
    "C_wm",
    "H_wm",
    "d_eff",
    "A_level",
    "D_disentangle",
    "K_comp",
    "rho_sync",
    "detach_frac",
    "I_img",
    "rho_self",
    "SM_capacity",
    "SM_sal",
    "MI_inter",
    "rho_topo",
    "rsa_rho",
    "iota",
    "MI_social",
    "animism",
    "phi_group",
    "super_ratio",
    "group_coherence"
  ],
  "strongest_evolutionary_correlations": [
    {
      "measure_1": "d_eff",
      "measure_2": "A_level",
      "r": -1.0,
      "p": 0.0,
      "abs_r": 1.0
    },
    {
      "measure_1": "phi_group",
      "measure_2": "super_ratio",
      "r": 0.9404761904761906,
      "p": 7.800829220458973e-10,
      "abs_r": 0.9404761904761906
    },
    {
      "measure_1": "robustness",
      "measure_2": "phi_increase",
      "r": 0.8571428571428573,
      "p": 8.702559954725493e-08,
      "abs_r": 0.8571428571428573
    },
    {
      "measure_1": "super_ratio",
      "measure_2": "group_coherence",
      "r": 0.7074553447080435,
      "p": 0.04073937794596239,
      "abs_r": 0.7074553447080435
    },
    {
      "measure_1": "phi_group",
      "measure_2": "group_coherence",
      "r": 0.7016645701524308,
      "p": 0.04947214144811216,
      "abs_r": 0.7016645701524308
    },
    {
      "measure_1": "MI_inter",
      "measure_2": "MI_social",
      "r": 0.6880952380952382,
      "p": 0.00025215134150965545,
      "abs_r": 0.6880952380952382
    },
    {
      "measure_1": "SM_capacity",
      "measure_2": "MI_inter",
      "r": -0.6833333333333335,
      "p": 0.0016430876042342415,
      "abs_r": 0.6833333333333335
    },
    {
      "measure_1": "detach_frac",
      "measure_2": "iota",
      "r": -0.6768684273582788,
      "p": 0.09640280509273441,
      "abs_r": 0.6768684273582788
    },
    {
      "measure_1": "I_img",
      "measure_2": "MI_social",
      "r": -0.6559761406593868,
      "p": 0.0367759393467097,
      "abs_r": 0.6559761406593868
    },
    {
      "measure_1": "phi_increase",
      "measure_2": "D_disentangle",
      "r": -0.6547619047619049,
      "p": 0.6641159988647741,
      "abs_r": 0.6547619047619049
    },
    {
      "measure_1": "rho_self",
      "measure_2": "rho_topo",
      "r": -0.6232188511595576,
      "p": 0.07626708066178521,
      "abs_r": 0.6232188511595576
    },
    {
      "measure_1": "MI_social",
      "measure_2": "group_coherence",
      "r": 0.6229854039831567,
      "p": 0.06484994940671336,
      "abs_r": 0.6229854039831567
    },
    {
      "measure_1": "SM_capacity",
      "measure_2": "phi_group",
      "r": -0.6166666666666667,
      "p": 0.4201015343407333,
      "abs_r": 0.6166666666666667
    },
    {
      "measure_1": "robustness",
      "measure_2": "D_disentangle",
      "r": -0.5952380952380953,
      "p": 0.19452701576620296,
      "abs_r": 0.5952380952380953
    },
    {
      "measure_1": "C_wm",
      "measure_2": "H_wm",
      "r": 0.5952380952380953,
      "p": 0.0019999467725187016,
      "abs_r": 0.5952380952380953
    }
  ],
  "co_emergence_test": {
    "tested": true,
    "prediction": "r > 0.7 for C_wm, A_level, I_img pairs",
    "pairs": [
      {
        "measure_1": "C_wm",
        "measure_2": "A_level",
        "r": 0.25000000000000006,
        "p": 0.1392367176682506
      },
      {
        "measure_1": "C_wm",
        "measure_2": "I_img",
        "r": -0.0040905880184717676,
        "p": 0.848784244908542
      },
      {
        "measure_1": "A_level",
        "measure_2": "I_img",
        "r": 0.33742392135180516,
        "p": 0.7661376324100263
      }
    ],
    "mean_r": 0.1944444444444445,
    "confirmed": false
  },
  "language_lag_test": {
    "tested": true,
    "prediction": "\u03c1_topo onset cycle > C_wm onset cycle",
    "C_wm_onset": null,
    "MI_inter_onset": 0,
    "rho_topo_onset": 10,
    "confirmed": false,
    "note": "\u03c1_topo never becomes significant in V13"
  },
  "self_model_phi_test": {
    "tested": true,
    "prediction": "SM emergence correlates with \u03a6 jump",
    "pairs": [
      {
        "sm_measure": "SM_sal",
        "phi_measure": "robustness",
        "r": -0.29483698174090245,
        "p": 0.19447664472402248
      },
      {
        "sm_measure": "SM_sal",
        "phi_measure": "phi_increase",
        "r": -0.23811084781412942,
        "p": 0.2986228200301982
      },
      {
        "sm_measure": "SM_capacity",
        "phi_measure": "robustness",
        "r": -0.09220779220779221,
        "p": 0.6909811745118994
      },
      {
        "sm_measure": "SM_capacity",
        "phi_measure": "phi_increase",
        "r": 0.040272817973341556,
        "p": 0.8623982178603162
      },
      {
        "sm_measure": "rho_self",
        "phi_measure": "robustness",
        "r": -0.1856248798936808,
        "p": 0.4204790884272035
      },
      {
        "sm_measure": "rho_self",
        "phi_measure": "phi_increase",
        "r": -0.4007923012302255,
        "p": 0.07177417417153267
      }
    ],
    "confirmed": false
  },
  "clusters": [
    [
      "D_disentangle",
      "phi_increase",
      "robustness"
    ],
    [
      "C_wm",
      "H_wm",
      "I_img",
      "K_comp",
      "MI_inter",
      "MI_social",
      "SM_capacity",
      "animism",
      "detach_frac",
      "group_coherence",
      "iota",
      "phi_group",
      "rsa_rho",
      "super_ratio"
    ],
    [
      "A_level",
      "d_eff"
    ],
    [
      "rho_self",
      "rho_topo"
    ]
  ],
  "entanglement_trajectory": [
    {
      "cycle": 0,
      "entanglement": 0.6775253942062474,
      "n_valid_pairs": 276,
      "mean_abs_r": 0.6775253942062474
    },
    {
      "cycle": 5,
      "entanglement": 0.6700735483507891,
      "n_valid_pairs": 276,
      "mean_abs_r": 0.6700735483507891
    },
    {
      "cycle": 10,
      "entanglement": 0.7794289654975703,
      "n_valid_pairs": 276,
      "mean_abs_r": 0.7794289654975703
    },
    {
      "cycle": 15,
      "entanglement": 0.6678687031914614,
      "n_valid_pairs": 253,
      "mean_abs_r": 0.6678687031914614
    },
    {
      "cycle": 20,
      "entanglement": 0.8261647588976352,
      "n_valid_pairs": 276,
      "mean_abs_r": 0.8261647588976352
    },
    {
      "cycle": 25,
      "entanglement": 0.6984959815665083,
      "n_valid_pairs": 276,
      "mean_abs_r": 0.6984959815665083
    },
    {
      "cycle": 29,
      "entanglement": 0.9113427623426492,
      "n_valid_pairs": 276,
      "mean_abs_r": 0.9113427623426492
    }
  ],
  "evolutionary_correlation_matrix": {
    "names": [
      "robustness",
      "phi_increase",
      "n_patterns",
      "C_wm",
      "H_wm",
      "d_eff",
      "A_level",
      "D_disentangle",
      "K_comp",
      "rho_sync",
      "detach_frac",
      "I_img",
      "rho_self",
      "SM_capacity",
      "SM_sal",
      "MI_inter",
      "rho_topo",
      "rsa_rho",
      "iota",
      "MI_social",
      "animism",
      "phi_group",
      "super_ratio",
      "group_coherence"
    ],
    "r": [
      [
        1.0,
        0.8571428571428573,
        -0.447021128216722,
        -0.03571428571428572,
        -0.32142857142857145,
        -0.38095238095238093,
        0.38095238095238093,
        -0.5952380952380953,
        -0.08333333333333337,
        0.0,
        0.15573154314251475,
        0.2972035185631707,
        0.02515770392829314,
        0.07142857142857144,
        -0.17437602129057228,
        -0.130952380952381,
        0.34047619047619054,
        -0.13571428571428568,
        0.14047619047619045,
        -0.19999999999999998,
        0.05476190476190477,
        -0.3333333333333334,
        -0.3095238095238096,
        -0.27851219715833064
      ],
      [
        0.8571428571428573,
        1.0,
        -0.42299612921150714,
        -0.1904761904761905,
        -0.20238095238095244,
        -0.10714285714285715,
        0.10714285714285715,
        -0.6547619047619049,
        0.14285714285714288,
        0.1785714285714286,
        0.06617648486218655,
        0.24793853035568966,
        -0.13005359420653476,
        0.22619047619047625,
        -0.10257192976987713,
        -0.14523809523809525,
        0.3023809523809525,
        -0.014285714285714254,
        0.32857142857142857,
        -0.1976190476190476,
        -0.016666666666666653,
        -0.330952380952381,
        -0.24761904761904763,
        -0.3814910689416087
      ],
      [
        -0.447021128216722,
        -0.42299612921150714,
        1.0,
        -0.34566904562947753,
        -0.22050743923270913,
        0.35253719616354556,
        -0.35253719616354556,
        0.06649969765572318,
        0.13706636830153027,
        -0.17407350518996256,
        0.06232498706779369,
        -0.31442540220471743,
        -0.02819970959314433,
        -0.11433422047046192,
        -0.03923683333662074,
        0.3401422524543036,
        -0.1923077296395648,
        0.2598470223173462,
        -0.3109729044805493,
        0.4403092214652471,
        0.18338183951808093,
        0.2661764848621866,
        0.19442470064007847,
        0.04264166766145173
      ],
      [
        -0.03571428571428572,
        -0.1904761904761905,
        -0.34566904562947753,
        1.0,
        0.5952380952380953,
        -0.25000000000000006,
        0.25000000000000006,
        0.4047619047619048,
        0.08333333333333336,
        -0.21428571428571433,
        0.05071638222852163,
        -0.0040905880184717676,
        0.16531848654789735,
        0.27380952380952384,
        0.3169329153935719,
        -0.33809523809523817,
        -0.08333333333333336,
        -0.5047619047619049,
        -0.05238095238095242,
        -0.28095238095238095,
        -0.15714285714285714,
        0.05238095238095234,
        0.09999999999999998,
        -0.19241546723741032
      ],
      [
        -0.32142857142857145,
        -0.20238095238095244,
        -0.22050743923270913,
        0.5952380952380953,
        1.0,
        0.2738095238095239,
        -0.2738095238095239,
        0.4642857142857144,
        0.380952380952381,
        0.261904761904762,
        -0.3302359987238594,
        -0.29145081432119097,
        -0.013252942023531248,
        -0.011904761904761918,
        0.3122932887425784,
        0.007142857142857155,
        0.07142857142857145,
        -0.40952380952380957,
        0.17380952380952377,
        0.05238095238095242,
        -0.561904761904762,
        0.4333333333333334,
        0.5166666666666667,
        0.17396576759211702
      ],
      [
        -0.38095238095238093,
        -0.10714285714285715,
        0.35253719616354556,
        -0.25000000000000006,
        0.2738095238095239,
        1.0,
        -1.0,
        -0.02380952380952382,
        0.4404761904761905,
        0.3571428571428572,
        -0.04204374825912608,
        -0.33742392135180516,
        0.19362194408665231,
        -0.13095238095238096,
        -0.009618220721035775,
        0.1166666666666667,
        -0.21904761904761907,
        0.06428571428571427,
        0.17142857142857149,
        -0.016666666666666646,
        -0.42142857142857154,
        0.2928571428571429,
        0.19761904761904767,
        0.08484165970317105
      ],
      [
        0.38095238095238093,
        0.10714285714285715,
        -0.35253719616354556,
        0.25000000000000006,
        -0.2738095238095239,
        -1.0,
        1.0,
        0.02380952380952382,
        -0.4404761904761905,
        -0.3571428571428572,
        0.04204374825912608,
        0.33742392135180516,
        -0.19362194408665231,
        0.13095238095238096,
        0.009618220721035775,
        -0.1166666666666667,
        0.21904761904761907,
        -0.06428571428571427,
        -0.17142857142857149,
        0.016666666666666646,
        0.42142857142857154,
        -0.2928571428571429,
        -0.19761904761904767,
        -0.08484165970317105
      ],
      [
        -0.5952380952380953,
        -0.6547619047619049,
        0.06649969765572318,
        0.4047619047619048,
        0.4642857142857144,
        -0.02380952380952382,
        0.02380952380952382,
        1.0,
        -0.2738095238095239,
        -0.11904761904761903,
        -0.10275267135923662,
        -0.07511980602624076,
        0.14330653623006598,
        -0.21428571428571433,
        0.09810344836451855,
        0.2833333333333333,
        -0.12142857142857146,
        -0.2404761904761905,
        -0.39285714285714296,
        0.1666666666666667,
        -0.07857142857142856,
        0.27619047619047615,
        0.34761904761904766,
        0.14139732267205282
      ],
      [
        -0.08333333333333337,
        0.14285714285714288,
        0.13706636830153027,
        0.08333333333333336,
        0.380952380952381,
        0.4404761904761905,
        -0.4404761904761905,
        -0.2738095238095239,
        1.0,
        0.2857142857142858,
        0.21503987747063313,
        -0.28569811007921125,
        0.058625022777963304,
        0.13095238095238101,
        0.26888497102297854,
        0.12142857142857148,
        0.009523809523809499,
        -0.3428571428571429,
        -0.03333333333333335,
        0.2833333333333334,
        -0.019047619047619035,
        0.5095238095238096,
        0.5214285714285715,
        0.3419845168460282
      ],
      [
        0.0,
        0.1785714285714286,
        -0.17407350518996254,
        -0.21428571428571433,
        0.261904761904762,
        0.3571428571428572,
        -0.3571428571428572,
        -0.11904761904761903,
        0.2857142857142858,
        1.0,
        -0.21450118948140542,
        -0.08704074356607717,
        -0.006062648056761423,
        0.0595238095238095,
        -0.46674750340108745,
        -0.15714285714285714,
        0.08333333333333337,
        0.2214285714285714,
        0.12142857142857144,
        0.1285714285714286,
        -0.36190476190476195,
        -0.21904761904761902,
        -0.12380952380952374,
        -0.0022247085983591965
      ],
      [
        0.15573154314251475,
        0.06617648486218657,
        0.062324987067793734,
        0.05071638222852167,
        -0.3302359987238594,
        -0.04204374825912608,
        0.04204374825912608,
        -0.10275267135923662,
        0.21503987747063313,
        -0.21450118948140542,
        1.0,
        -0.01574827775696286,
        0.496573009876698,
        -0.0902014838674015,
        -0.17174436555027148,
        0.011053261298186956,
        -0.30210287024015653,
        -0.40173189013901034,
        -0.6768684273582788,
        0.14115414164399295,
        0.48190841426097936,
        0.0461040403076004,
        0.02229451649807653,
        0.06840866752252883
      ],
      [
        0.2972035185631707,
        0.2479385303556896,
        -0.31442540220471743,
        -0.004090588018471804,
        -0.29145081432119097,
        -0.33742392135180516,
        0.33742392135180516,
        -0.07511980602624076,
        -0.28569811007921125,
        -0.08704074356607717,
        -0.01574827775696286,
        1.0,
        -0.23440001120761192,
        0.39365584969874784,
        -0.3227283391178308,
        -0.3970276015597752,
        0.06361439754228133,
        0.12756445345627918,
        0.35301991785423636,
        -0.6559761406593868,
        0.23660903887512566,
        -0.3997280366773695,
        -0.3102426456812541,
        -0.4825209047855768
      ],
      [
        0.02515770392829314,
        -0.13005359420653476,
        -0.02819970959314433,
        0.16531848654789735,
        -0.013252942023531248,
        0.19362194408665231,
        -0.19362194408665231,
        0.14330653623006598,
        0.058625022777963304,
        -0.006062648056761405,
        0.496573009876698,
        -0.23440001120761192,
        1.0,
        -0.3836487411899197,
        -0.04015676238221353,
        0.03950290298340486,
        -0.6232188511595576,
        -0.48571428571428577,
        -0.48515812143269404,
        -0.002937116662544171,
        0.11541529703308513,
        0.20476190476190484,
        0.07380952380952384,
        -0.12348631101598712
      ],
      [
        0.07142857142857144,
        0.22619047619047625,
        -0.11433422047046192,
        0.27380952380952384,
        -0.011904761904761918,
        -0.13095238095238096,
        0.13095238095238096,
        -0.21428571428571433,
        0.13095238095238101,
        0.0595238095238095,
        -0.0902014838674015,
        0.39365584969874784,
        -0.3836487411899197,
        1.0,
        -0.0451233922306894,
        -0.6833333333333335,
        0.18809523809523812,
        0.25238095238095243,
        0.22857142857142856,
        -0.47857142857142865,
        0.3023809523809525,
        -0.6166666666666667,
        -0.5095238095238096,
        -0.53705564307318
      ],
      [
        -0.17437602129057225,
        -0.10257192976987713,
        -0.03923683333662074,
        0.3169329153935719,
        0.3122932887425784,
        -0.00961822072103576,
        0.00961822072103576,
        0.09810344836451855,
        0.26888497102297854,
        -0.46674750340108745,
        -0.17174436555027142,
        -0.3227283391178308,
        -0.04015676238221353,
        -0.0451233922306894,
        1.0,
        0.205285639173449,
        -0.12519379075075218,
        -0.2904418197074045,
        0.13254747545742798,
        -0.023068356833650622,
        -0.03707917373982387,
        0.3872509558812854,
        0.3151759588656407,
        0.15095189949386909
      ],
      [
        -0.130952380952381,
        -0.14523809523809525,
        0.3401422524543036,
        -0.33809523809523817,
        0.007142857142857155,
        0.1166666666666667,
        -0.1166666666666667,
        0.2833333333333333,
        0.12142857142857148,
        -0.15714285714285714,
        0.011053261298186956,
        -0.3970276015597752,
        0.03950290298340485,
        -0.6833333333333335,
        0.205285639173449,
        1.0,
        0.11666666666666664,
        0.06428571428571428,
        -0.30714285714285716,
        0.6880952380952382,
        -0.07857142857142858,
        0.5166666666666667,
        0.45714285714285724,
        0.49295415522663805
      ],
      [
        0.34047619047619054,
        0.3023809523809525,
        -0.1923077296395648,
        -0.08333333333333336,
        0.07142857142857145,
        -0.21904761904761907,
        0.21904761904761907,
        -0.12142857142857146,
        0.009523809523809499,
        0.08333333333333337,
        -0.30210287024015653,
        0.0636143975422813,
        -0.6232188511595576,
        0.18809523809523812,
        -0.12519379075075218,
        0.11666666666666664,
        1.0,
        0.08095238095238096,
        0.18809523809523812,
        0.19285714285714287,
        -0.10476190476190479,
        -0.03333333333333337,
        0.10952380952380951,
        0.33966279587817366
      ],
      [
        -0.13571428571428568,
        -0.014285714285714254,
        0.2598470223173462,
        -0.5047619047619049,
        -0.40952380952380957,
        0.06428571428571427,
        -0.06428571428571427,
        -0.2404761904761905,
        -0.3428571428571429,
        0.2214285714285714,
        -0.40173189013901034,
        0.1275644534562792,
        -0.48571428571428577,
        0.25238095238095243,
        -0.2904418197074045,
        0.06428571428571428,
        0.08095238095238096,
        1.0,
        0.20238095238095244,
        0.011904761904761857,
        -0.011904761904761854,
        -0.5523809523809524,
        -0.5404761904761904,
        -0.26417797668786885
      ],
      [
        0.14047619047619045,
        0.32857142857142857,
        -0.3109729044805493,
        -0.05238095238095242,
        0.17380952380952377,
        0.17142857142857149,
        -0.17142857142857149,
        -0.39285714285714296,
        -0.03333333333333335,
        0.12142857142857144,
        -0.6768684273582788,
        0.35301991785423636,
        -0.48515812143269404,
        0.22857142857142856,
        0.132547475457428,
        -0.30714285714285716,
        0.18809523809523812,
        0.20238095238095244,
        1.0,
        -0.4404761904761905,
        -0.5285714285714286,
        -0.03809523809523815,
        -0.0023809523809524002,
        -0.1434550622594685
      ],
      [
        -0.19999999999999998,
        -0.1976190476190476,
        0.4403092214652471,
        -0.28095238095238095,
        0.05238095238095242,
        -0.016666666666666646,
        0.016666666666666646,
        0.1666666666666667,
        0.2833333333333334,
        0.1285714285714286,
        0.14115414164399295,
        -0.6559761406593868,
        -0.002937116662544176,
        -0.47857142857142865,
        -0.023068356833650622,
        0.6880952380952382,
        0.19285714285714287,
        0.011904761904761857,
        -0.4404761904761905,
        1.0,
        -0.07857142857142858,
        0.43095238095238103,
        0.4904761904761907,
        0.6229854039831567
      ],
      [
        0.05476190476190477,
        -0.016666666666666653,
        0.18338183951808093,
        -0.15714285714285714,
        -0.561904761904762,
        -0.42142857142857154,
        0.42142857142857154,
        -0.07857142857142856,
        -0.019047619047619035,
        -0.36190476190476195,
        0.48190841426097947,
        0.23660903887512566,
        0.11541529703308513,
        0.3023809523809525,
        -0.037079173739823855,
        -0.07857142857142858,
        -0.10476190476190479,
        -0.011904761904761854,
        -0.5285714285714286,
        -0.07857142857142858,
        1.0,
        -0.14761904761904768,
        -0.18333333333333343,
        -0.23007975494126634
      ],
      [
        -0.3333333333333334,
        -0.330952380952381,
        0.2661764848621866,
        0.05238095238095234,
        0.4333333333333334,
        0.2928571428571429,
        -0.2928571428571429,
        0.27619047619047615,
        0.5095238095238096,
        -0.21904761904761902,
        0.0461040403076004,
        -0.3997280366773695,
        0.20476190476190484,
        -0.6166666666666667,
        0.3872509558812854,
        0.5166666666666667,
        -0.03333333333333337,
        -0.5523809523809524,
        -0.03809523809523815,
        0.43095238095238103,
        -0.14761904761904768,
        1.0,
        0.9404761904761906,
        0.7016645701524308
      ],
      [
        -0.3095238095238096,
        -0.24761904761904763,
        0.19442470064007847,
        0.09999999999999998,
        0.5166666666666667,
        0.19761904761904767,
        -0.19761904761904767,
        0.34761904761904766,
        0.5214285714285715,
        -0.12380952380952374,
        0.02229451649807653,
        -0.31024264568125404,
        0.07380952380952384,
        -0.5095238095238096,
        0.3151759588656407,
        0.45714285714285724,
        0.10952380952380951,
        -0.5404761904761904,
        -0.0023809523809524002,
        0.4904761904761907,
        -0.18333333333333343,
        0.9404761904761906,
        1.0,
        0.7074553447080435
      ],
      [
        -0.2785121971583307,
        -0.3814910689416087,
        0.04264166766145175,
        -0.19241546723741032,
        0.17396576759211702,
        0.08484165970317102,
        -0.08484165970317102,
        0.14139732267205282,
        0.3419845168460281,
        -0.0022247085983591965,
        0.06840866752252883,
        -0.48252090478557674,
        -0.12348631101598712,
        -0.53705564307318,
        0.15095189949386909,
        0.49295415522663805,
        0.33966279587817366,
        -0.26417797668786885,
        -0.1434550622594685,
        0.6229854039831567,
        -0.2300797549412663,
        0.7016645701524308,
        0.7074553447080435,
        1.0
      ]
    ],
    "p": [
      [
        0.0,
        8.702559954725493e-08,
        0.014247815562219624,
        0.9420962008546323,
        0.3273490065342841,
        0.052571540420705054,
        0.052571540420705054,
        0.19452701576620296,
        0.4714220223155512,
        0.6744677255097002,
        0.20914066297643452,
        0.6714022142305915,
        0.4204790884272035,
        0.6909811745118994,
        0.19447664472402248,
        0.29455199407204263,
        0.9348031235214638,
        0.9318278746837038,
        0.325898627038793,
        0.21449998226074232,
        0.6223789817630219,
        0.0023669295508711285,
        0.0038527412830699635,
        0.39179446234450843
      ],
      [
        8.702559954725415e-08,
        0.0,
        0.00015449208068783065,
        0.8317146577187183,
        0.6195972993707319,
        0.006050884384872784,
        0.006050884384872784,
        0.6641159988647741,
        0.3736268934178052,
        0.8623982178603162,
        0.009785985328031259,
        0.8454371917388163,
        0.07177417417153267,
        0.8623982178603162,
        0.2986228200301978,
        0.24820568499014284,
        0.8898347830361484,
        0.5639628408371572,
        0.17159498906486523,
        0.22955838530342443,
        0.44436647679226027,
        0.0025749688703415098,
        0.005822988513192391,
        0.520780853551014
      ],
      [
        0.014247815562219624,
        0.00015449208068783065,
        0.0,
        0.281881571831342,
        0.6537104153084707,
        0.0010598185002966478,
        0.0010598185002966478,
        0.4400477497446096,
        0.16870811378615905,
        0.799035970993773,
        0.0002882296269895258,
        0.7692141360463265,
        0.1685886168395773,
        0.9866186752693222,
        0.3381241715455028,
        0.11604966953272018,
        0.5909647209641767,
        0.6085557870063745,
        0.17249593901203955,
        0.12696615559614158,
        0.5497771409890373,
        0.0032729398903200806,
        0.014404667582938723,
        0.8580048963284478
      ],
      [
        0.9420962008546323,
        0.8317146577187183,
        0.281881571831342,
        0.0,
        0.0019999467725187016,
        0.1392367176682506,
        0.1392367176682506,
        0.02138084599925309,
        0.8580477762660439,
        0.39744295350722536,
        0.627696736023871,
        0.848784244908542,
        0.7057956017299298,
        0.0876405357845381,
        0.290375642723702,
        0.01639408473129437,
        0.47384906489411216,
        0.05065165269537556,
        0.8650468790077722,
        0.13344922901624715,
        0.9398091995407436,
        0.8528960735031589,
        0.6575797528910041,
        0.5928180597303876
      ],
      [
        0.3273490065342841,
        0.6195972993707319,
        0.653710415308471,
        0.001999946772518695,
        0.0,
        0.48010106588131696,
        0.48010106588131696,
        0.1716742651968709,
        0.14743522291239172,
        0.8382714371945467,
        0.34616113824557615,
        0.5343280568804354,
        0.8372245042777868,
        0.9732494997997492,
        0.10554261175622223,
        0.8649965615478222,
        0.6933794628122485,
        0.3305600084400465,
        0.28832527290770676,
        0.9422913998800766,
        0.02759085219109949,
        0.032604315005179615,
        0.014083813080645208,
        0.5483073909445932
      ],
      [
        0.052571540420705054,
        0.006050884384872806,
        0.0010598185002966478,
        0.1392367176682506,
        0.48010106588131707,
        0.0,
        0.0,
        0.04507829136066887,
        0.06010068446787321,
        0.3105598986279132,
        0.018552260366687588,
        0.7661376324100263,
        0.045638410534703126,
        0.6258096347836315,
        0.5430983619346818,
        0.15029922707342816,
        0.40881908952023194,
        0.8083397138561061,
        0.8059928433862233,
        0.25946936992853786,
        0.18157577037037329,
        0.0016273646653265383,
        0.00681490524003441,
        0.6231740789232938
      ],
      [
        0.052571540420705054,
        0.006050884384872806,
        0.0010598185002966478,
        0.1392367176682506,
        0.48010106588131707,
        0.0,
        0.0,
        0.04507829136066887,
        0.06010068446787321,
        0.3105598986279132,
        0.018552260366687588,
        0.7661376324100263,
        0.045638410534703126,
        0.6258096347836315,
        0.5430983619346818,
        0.15029922707342816,
        0.40881908952023194,
        0.8083397138561061,
        0.8059928433862233,
        0.25946936992853786,
        0.18157577037037329,
        0.0016273646653265383,
        0.00681490524003441,
        0.6231740789232938
      ],
      [
        0.19452701576620296,
        0.6641159988647741,
        0.4400477497446096,
        0.02138084599925309,
        0.17167426519687098,
        0.04507829136066887,
        0.04507829136066887,
        0.0,
        0.19659251726168686,
        0.9643490145476254,
        0.2156910127782664,
        0.5260648415796668,
        0.5340455475268551,
        0.5594015294704846,
        0.9443342892685225,
        0.889875964885619,
        0.6587277693915812,
        0.8809707676679907,
        0.166474348578758,
        0.8948543863933638,
        0.8354138453754828,
        0.7263970439793996,
        0.8866031221985,
        0.3166582116483372
      ],
      [
        0.4714220223155512,
        0.3736268934178053,
        0.16870811378615905,
        0.8580477762660439,
        0.14743522291239167,
        0.06010068446787321,
        0.06010068446787321,
        0.19659251726168686,
        0.0,
        0.8317685534433151,
        0.19130516823322055,
        0.9687014153797723,
        0.9865396837939482,
        0.17659418586665684,
        0.0549972043338286,
        0.7913733978200618,
        0.5522144386322418,
        0.03882943217779468,
        0.9348031235214638,
        0.6911525963694354,
        0.9899597295184989,
        0.004541125258515691,
        0.0022001756110215888,
        0.3979507744515758
      ],
      [
        0.6744677255097002,
        0.8623982178603162,
        0.799035970993773,
        0.39744295350722536,
        0.8382714371945467,
        0.3105598986279132,
        0.3105598986279132,
        0.9643490145476254,
        0.8317685534433151,
        0.0,
        0.7454750570869602,
        0.6107152321969753,
        0.3477237081905845,
        0.6951310760397713,
        0.14932332123093672,
        0.8157739948259723,
        0.9598534442846784,
        0.4033523173766833,
        0.7671582206450904,
        0.6450049409876997,
        0.0979680397059128,
        0.6013177937232191,
        0.6523856873272676,
        0.9857448575380487
      ],
      [
        0.20914066297643452,
        0.009785985328031259,
        0.0002882296269895258,
        0.627696736023871,
        0.34616113824557615,
        0.018552260366687553,
        0.018552260366687553,
        0.2156910127782664,
        0.19130516823322055,
        0.7454750570869602,
        0.0,
        0.4285567628017847,
        0.0175017416884514,
        0.864597745978826,
        0.6072468801601096,
        0.9924668852216711,
        0.952315598493428,
        0.021569149808750108,
        0.09640280509273441,
        0.8724362901360679,
        0.050867313746125256,
        0.1582889079651754,
        0.13535308223027528,
        0.7188516491177559
      ],
      [
        0.6714022142305915,
        0.8454371917388163,
        0.7692141360463267,
        0.848784244908542,
        0.5343280568804354,
        0.7661376324100263,
        0.7661376324100263,
        0.5260648415796668,
        0.9687014153797723,
        0.6107152321969753,
        0.4285567628017848,
        0.0,
        0.6223914622551872,
        0.9552987009763965,
        0.14881524241823946,
        0.3471078752588872,
        0.22920871364639284,
        0.6328220479687858,
        0.32079955656473536,
        0.0367759393467097,
        0.04827206689078049,
        0.2099646203760705,
        0.2945237231930556,
        0.328197570258966
      ],
      [
        0.4204790884272035,
        0.07177417417153267,
        0.16858861683957732,
        0.7057956017299298,
        0.8372245042777868,
        0.04563841053470317,
        0.04563841053470317,
        0.5340455475268551,
        0.9865396837939482,
        0.3477237081905845,
        0.0175017416884514,
        0.6223914622551872,
        0.0,
        0.21492912368186587,
        0.8512737360100918,
        0.9748076438528578,
        0.07626708066178521,
        0.24352934140470156,
        0.15860722295590254,
        0.9370692977171887,
        0.7784266101980053,
        0.31709786015851993,
        0.34300845855377926,
        0.8382191184147987
      ],
      [
        0.6909811745118994,
        0.8623982178603162,
        0.9866186752693222,
        0.0876405357845381,
        0.9732494997997492,
        0.6258096347836315,
        0.6258096347836315,
        0.5594015294704846,
        0.17659418586665684,
        0.6951310760397713,
        0.864597745978826,
        0.9552987009763965,
        0.21492912368186587,
        0.0,
        0.7530606769511463,
        0.0016430876042342415,
        0.8206745196973446,
        0.9715689358029987,
        0.9548397533571387,
        0.08435163245001225,
        0.12989410232900506,
        0.4201015343407333,
        0.6785046196387318,
        0.03146173815579729
      ],
      [
        0.19447664472402248,
        0.2986228200301982,
        0.3381241715455028,
        0.290375642723702,
        0.10554261175622223,
        0.5430983619346818,
        0.5430983619346818,
        0.9443342892685225,
        0.0549972043338286,
        0.14932332123093672,
        0.6072468801601096,
        0.14881524241823946,
        0.8512737360100918,
        0.7530606769511463,
        0.0,
        0.600850498112915,
        0.9736878054680176,
        0.35158826912053875,
        0.7311445047332228,
        0.947401758344894,
        0.9684276683023215,
        0.035715433890816564,
        0.04652986163240226,
        0.5664426813520993
      ],
      [
        0.29455199407204263,
        0.24820568499014284,
        0.11604966953272033,
        0.01639408473129437,
        0.8649965615478222,
        0.15029922707342816,
        0.15029922707342816,
        0.889875964885619,
        0.7913733978200618,
        0.8157739948259723,
        0.9924668852216711,
        0.3471078752588872,
        0.9748076438528578,
        0.0016430876042342415,
        0.600850498112915,
        0.0,
        0.1522587891703606,
        0.39922262991187696,
        0.3591457825704002,
        0.00025215134150965545,
        0.30375506301143457,
        0.01608281832523716,
        0.0928337813785118,
        0.028766250093839506
      ],
      [
        0.9348031235214638,
        0.8898347830361484,
        0.5909647209641767,
        0.47384906489411216,
        0.6933794628122483,
        0.40881908952023194,
        0.40881908952023194,
        0.6587277693915812,
        0.5522144386322418,
        0.9598534442846784,
        0.952315598493428,
        0.22920871364639284,
        0.07626708066178521,
        0.8206745196973446,
        0.9736878054680176,
        0.1522587891703606,
        0.0,
        0.586324449796729,
        0.8998365956859304,
        0.07931658537453377,
        0.4125038246613568,
        0.33635706944227184,
        0.28304842984092177,
        0.31485326539832637
      ],
      [
        0.9318278746837038,
        0.5639628408371572,
        0.6085557870063745,
        0.05065165269537556,
        0.3305600084400465,
        0.8083397138561061,
        0.8083397138561061,
        0.8809707676679907,
        0.03882943217779468,
        0.4033523173766833,
        0.021569149808750073,
        0.6328220479687858,
        0.24352934140470156,
        0.9715689358029987,
        0.35158826912053887,
        0.39922262991187696,
        0.586324449796729,
        0.0,
        0.5616930467377019,
        0.6215490254755145,
        0.3670278787405842,
        0.1407749559086272,
        0.06748816862467787,
        0.1931242602494867
      ],
      [
        0.325898627038793,
        0.17159498906486523,
        0.17249593901203955,
        0.8650468790077722,
        0.2883252729077068,
        0.8059928433862233,
        0.8059928433862233,
        0.166474348578758,
        0.9348031235214638,
        0.7671582206450904,
        0.09640280509273448,
        0.3207995565647352,
        0.15860722295590254,
        0.9548397533571387,
        0.7311445047332228,
        0.3591457825704002,
        0.8998365956859304,
        0.5616930467377019,
        0.0,
        0.04120071780195449,
        0.032950383214957614,
        0.8697227104002634,
        0.8028068323384662,
        0.6856226653248066
      ],
      [
        0.21449998226074232,
        0.22955838530342443,
        0.12696615559614163,
        0.13344922901624715,
        0.9422913998800765,
        0.25946936992853786,
        0.25946936992853786,
        0.8948543863933638,
        0.6911525963694354,
        0.6450049409876997,
        0.8724362901360679,
        0.0367759393467097,
        0.9370692977171887,
        0.08435163245001225,
        0.947401758344894,
        0.00025215134150965545,
        0.07931658537453377,
        0.6215490254755145,
        0.04120071780195449,
        0.0,
        0.3764723395871389,
        0.016496928456990467,
        0.019639165662060615,
        0.06484994940671336
      ],
      [
        0.6223789817630219,
        0.4443664767922605,
        0.5497771409890373,
        0.9398091995407436,
        0.02759085219109949,
        0.18157577037037329,
        0.18157577037037329,
        0.8354138453754828,
        0.9899597295184989,
        0.0979680397059128,
        0.050867313746125256,
        0.04827206689078049,
        0.7784266101980053,
        0.12989410232900506,
        0.9684276683023215,
        0.30375506301143457,
        0.4125038246613568,
        0.3670278787405842,
        0.032950383214957614,
        0.3764723395871389,
        0.0,
        0.3514999662220235,
        0.4033523173766833,
        0.4188499367186873
      ],
      [
        0.0023669295508711285,
        0.0025749688703415098,
        0.0032729398903200806,
        0.8528960735031589,
        0.032604315005179615,
        0.0016273646653265383,
        0.0016273646653265383,
        0.7263970439793996,
        0.004541125258515691,
        0.6013177937232191,
        0.1582889079651754,
        0.2099646203760705,
        0.3170978601585198,
        0.4201015343407333,
        0.035715433890816564,
        0.01608281832523716,
        0.33635706944227184,
        0.1407749559086272,
        0.8697227104002634,
        0.016496928456990467,
        0.3514999662220235,
        0.0,
        7.800829220458973e-10,
        0.04947214144811216
      ],
      [
        0.0038527412830699635,
        0.005822988513192391,
        0.014404667582938745,
        0.6575797528910041,
        0.014083813080645208,
        0.00681490524003441,
        0.00681490524003441,
        0.8866031221985,
